0.564444444444 0.180107517489 0.320579840418 -0.0850873062388
1.11888888889 0.140282990362 0.3561486481 -0.14361237896
1.67333333333 0.0955855720949 0.406993523858 -0.170876076747
2.22777777778 0.0588761297392 0.468030792627 -0.179034418621
2.78222222222 0.0336526760952 0.535932181923 -0.17982662865
3.33666666667 0.0181949668482 0.608530415794 -0.178312938497
3.89111111111 0.00943277008089 0.684397574421 -0.176402335436
4.44555555556 0.00473260963823 0.762574086882 -0.175162177358
5 0.00231916923454 0.84242510905 -0.172609131719
5.55444444444 0.00111349519889 0.923507769987 -0.170876526514
6.10888888889 0.000524142133503 1.00554752495 -0.172028850872
6.66333333333 0.000244905159952 1.0883135125 -0.169158951984
7.21777777778 0.00011324047779 1.17165314502 -0.170242389285
7.77222222222 5.70833656655e-05 1.25546627124 -0.168506017161
8.32666666667 2.32498700678e-06 1.33972074644 -0.217699575917
8.88111111111 1.98858345336e-05 1.4241130914 -0.170423098721
9.1569541183 1.10930906435e-06 1.46635646172 -0.132943215326
