0.01494949495 0.02660104673 1.413423416
0.0198989899 0.02659908411 1.413454047
0.02484848485 0.02659656424 1.413493378
0.0297979798 0.02659348731 1.413541409
0.03474747475 0.02658985355 1.413598138
0.0396969697 0.02658566322 1.413663564
0.04464646465 0.02658091665 1.413737687
0.0495959596 0.02657561419 1.413820504
0.05454545455 0.02656975625 1.413912014
0.05949494949 0.02656334326 1.414012216
0.06444444444 0.02655637571 1.414121107
0.06939393939 0.02654885411 1.414238685
0.07434343434 0.02654077904 1.414364949
0.07929292929 0.02653215109 1.414499895
0.08424242424 0.0265229709 1.414643522
0.08919191919 0.02651323916 1.414795826
0.09414141414 0.0265029566 1.414956804
0.09909090909 0.02649212397 1.415126454
0.104040404 0.0264807421 1.415304773
0.108989899 0.02646881183 1.415491756
0.1139393939 0.02645633405 1.415687401
0.1188888889 0.02644330971 1.415891703
0.1238383838 0.02642973976 1.416104659
0.1287878788 0.02641562523 1.416326265
0.1337373737 0.02640096716 1.416556517
0.1386868687 0.02638576664 1.41679541
0.1436363636 0.02637002481 1.41704294
0.1485858586 0.02635374282 1.417299102
0.1535353535 0.02633692188 1.417563891
0.1584848485 0.02631956324 1.417837302
0.1634343434 0.02630166818 1.418119331
0.1683838384 0.02628323804 1.418409972
0.1733333333 0.02626427417 1.418709219
0.1782828283 0.02624477799 1.419017067
0.1832323232 0.02622475093 1.41933351
0.1881818182 0.02620419448 1.419658542
0.1931313131 0.02618311016 1.419992157
0.1980808081 0.02616149951 1.420334349
0.203030303 0.02613936413 1.420685112
0.207979798 0.02611670565 1.421044438
0.2129292929 0.02609352572 1.421412322
0.2178787879 0.02606982604 1.421788756
0.2228282828 0.0260456104 1.422173734
0.2277777778 0.02602087645 1.422567248
0.2327272727 0.02599562808 1.422969291
0.2376767677 0.02596986713 1.423379856
0.2426262626 0.02594359548 1.423798934
0.2475757576 0.02591681507 1.424226519
0.2525252525 0.02588952783 1.424662602
0.2574747475 0.02586173576 1.425107176
0.2624242424 0.02583344086 1.425560232
0.2673737374 0.02580464521 1.426021762
0.2723232323 0.02577535088 1.426491757
0.2772727273 0.02574555998 1.426970209
0.2822222222 0.02571527467 1.427457109
0.2871717172 0.02568449713 1.427952448
0.2921212121 0.02565322958 1.428456218
0.2970707071 0.02562147427 1.428968408
0.302020202 0.02558923349 1.42948901
0.306969697 0.02555650955 1.430018015
0.3119191919 0.02552330481 1.430555412
0.3168686869 0.02548962164 1.431101192
0.3218181818 0.02545546247 1.431655345
0.3267676768 0.02542082971 1.432217862
0.3317171717 0.02538572583 1.432788731
0.3366666667 0.02535015333 1.433367944
0.3416161616 0.02531411474 1.433955489
0.3465656566 0.02527761259 1.434551355
0.3515151515 0.02524064947 1.435155533
0.3564646465 0.02520322799 1.435768012
0.3614141414 0.02516535079 1.43638878
0.3663636364 0.02512702054 1.437017826
0.3713131313 0.02508823994 1.43765514
0.3762626263 0.02504901172 1.43830071
0.3812121212 0.02500933863 1.438954525
0.3861616162 0.02496922344 1.439616573
0.3911111111 0.02492866895 1.440286843
0.3960606061 0.02488767798 1.440965323
0.401010101 0.02484625337 1.441652001
0.405959596 0.024804398 1.442346864
0.4109090909 0.02476211475 1.443049901
0.4158585859 0.02471940654 1.4437611
0.4208080808 0.0246762763 1.444480448
0.4257575758 0.02463272702 1.445207933
0.4307070707 0.02458876168 1.445943542
0.4356565657 0.0245443833 1.446687263
0.4406060606 0.02449959493 1.447439082
0.4455555556 0.02445439962 1.448198987
0.4505050505 0.02440880045 1.448966965
0.4554545455 0.02436280053 1.449743002
0.4604040404 0.02431640295 1.450527086
0.4653535354 0.02426961086 1.451319203
0.4703030303 0.0242224274 1.452119339
0.4752525253 0.02417485574 1.452927482
0.4802020202 0.02412689906 1.453743617
0.4851515152 0.02407856057 1.45456773
0.4901010101 0.0240298435 1.455399808
0.4950505051 0.02398075111 1.456239837
0.5 0.02393128666 1.457087802
0.5049494949 0.02388145344 1.45794369
0.5098989899 0.02383125477 1.458807487
0.5148484848 0.02378069394 1.459679177
0.5197979798 0.0237297743 1.460558747
0.5247474747 0.02367849919 1.461446182
0.5296969697 0.02362687194 1.462341467
0.5346464646 0.02357489594 1.463244588
0.5395959596 0.02352257454 1.46415553
0.5445454545 0.02346991114 1.465074278
0.5494949495 0.02341690913 1.466000816
0.5544444444 0.02336357193 1.466935131
0.5593939394 0.02330990299 1.467877206
0.5643434343 0.02325590576 1.468827026
0.5692929293 0.0232015837 1.469784577
0.5742424242 0.02314694031 1.470749843
0.5791919192 0.02309197906 1.471722808
0.5841414141 0.02303670345 1.472703456
0.5890909091 0.02298111697 1.473691773
0.594040404 0.02292522314 1.474687742
0.598989899 0.02286902545 1.475691348
0.6039393939 0.02281252742 1.476702574
0.6088888889 0.02275573256 1.477721405
0.6138383838 0.0226986444 1.478747825
0.6187878788 0.02264126646 1.479781818
0.6237373737 0.0225836023 1.480823367
0.6286868687 0.02252565549 1.481872456
0.6336363636 0.0224674296 1.482929069
0.6385858586 0.02240892823 1.48399319
0.6435353535 0.02235015497 1.485064802
0.6484848485 0.0222911134 1.486143889
0.6534343434 0.02223180712 1.487230434
0.6583838384 0.02217223972 1.48832442
0.6633333333 0.02211241477 1.489425831
0.6682828283 0.02205233587 1.490534651
0.6732323232 0.0219920066 1.491650862
0.6781818182 0.02193143053 1.492774447
0.6831313131 0.02187061124 1.49390539
0.6880808081 0.0218095523 1.495043673
0.693030303 0.02174825731 1.49618928
0.697979798 0.0216867299 1.497342193
0.7029292929 0.0216249737 1.498502396
0.7078787879 0.02156299234 1.499669871
0.7128282828 0.02150078945 1.5008446
0.7177777778 0.02143836864 1.502026568
0.7227272727 0.02137573352 1.503215755
0.7276767677 0.02131288769 1.504412146
0.7326262626 0.02124983475 1.505615722
0.7375757576 0.0211865783 1.506826466
0.7425252525 0.0211231219 1.508044361
0.7474747475 0.02105946913 1.509269388
0.7524242424 0.02099562351 1.510501531
0.7573737374 0.0209315886 1.511740772
0.7623232323 0.02086736794 1.512987092
0.7672727273 0.02080296515 1.514240475
0.7722222222 0.02073838557 1.515500902
0.7771717172 0.02067362933 1.516768356
0.7821212121 0.02060870177 1.518042819
0.7870707071 0.02054360656 1.519324273
0.792020202 0.02047834743 1.5206127
0.796969697 0.02041292756 1.521908082
0.8019191919 0.02034735054 1.523210402
0.8068686869 0.02028161991 1.524519641
0.8118181818 0.02021573918 1.525835781
0.8167676768 0.02014971185 1.527158804
0.8217171717 0.02008354136 1.528488692
0.8266666667 0.02001723113 1.529825427
0.8316161616 0.01995078458 1.531168991
0.8365656566 0.01988420518 1.532519366
0.8415151515 0.01981749647 1.533876532
0.8464646465 0.01975066199 1.535240473
0.8514141414 0.01968370531 1.53661117
0.8563636364 0.01961663022 1.537988613
0.8613131313 0.01954944021 1.539372787
0.8662626263 0.01948213488 1.540763659
0.8712121212 0.0194147211 1.542161119
0.8761616162 0.0193472059 1.543565334
0.8811111111 0.01927958922 1.544976192
0.8860606061 0.01921187497 1.546393675
0.891010101 0.01914406404 1.547817765
0.895959596 0.01907616133 1.549248442
0.9009090909 0.01900817003 1.550685691
0.9058585859 0.01894009335 1.552129493
0.9108080808 0.01887193455 1.553579828
0.9157575758 0.01880369706 1.55503668
0.9207070707 0.01873538435 1.55650003
0.9256565657 0.01866699988 1.557969859
0.9306060606 0.01859854701 1.55944615
0.9355555556 0.01853002892 1.560928882
0.9405050505 0.01846144871 1.562418039
0.9454545455 0.01839281272 1.563913695
0.9504040404 0.01832411773 1.565415643
0.9553535354 0.01825537029 1.56692396
0.9603030303 0.01818657375 1.568438627
0.9652525253 0.01811773149 1.569959631
0.9702020202 0.01804884667 1.571486957
0.9751515152 0.01797992179 1.573020577
0.9801010101 0.01791095953 1.574560475
0.9850505051 0.01784196276 1.576106629
0.99 0.01777293464 1.577659023
0.9949494949 0.0177038786 1.579217638
0.9998989899 0.01763479818 1.580782456
1.004848485 0.0175656967 1.582353459
1.00979798 0.01749657715 1.583930627
1.014747475 0.01742744224 1.585513942
1.01969697 0.01735829392 1.587103368
1.024646465 0.01728913615 1.588698921
1.02959596 0.01721997138 1.590300566
1.034545455 0.01715080297 1.591908284
1.039494949 0.01708163434 1.593522056
1.044444444 0.0170124686 1.595141866
1.049393939 0.01694330832 1.596767694
1.054343434 0.01687415553 1.59839952
1.059292929 0.01680501207 1.600037327
1.064242424 0.01673588018 1.601681095
1.069191919 0.01666676285 1.603330806
1.074141414 0.01659766382 1.604986442
1.079090909 0.01652858701 1.606647986
1.084040404 0.01645953586 1.608315419
1.088989899 0.01639051328 1.609988724
1.093939394 0.0163215209 1.611667881
1.098888889 0.01625256032 1.613352871
1.103838384 0.01618363349 1.615043674
1.108787879 0.01611474162 1.616740274
1.113737374 0.01604589117 1.618442652
1.118686869 0.01597708466 1.620150791
1.123636364 0.01590832583 1.621864674
1.128585859 0.01583961731 1.623584282
1.133535354 0.01577096028 1.625309596
1.138484848 0.01570235484 1.627040597
1.143434343 0.0156338013 1.628777265
1.148383838 0.01556530158 1.630519582
1.153333333 0.01549685968 1.63226753
1.158282828 0.01542848094 1.634021093
1.163232323 0.01536017039 1.635780256
1.168181818 0.01529193129 1.637544999
1.173131313 0.01522376479 1.639315304
1.178080808 0.01515567071 1.641091151
1.183030303 0.01508764885 1.642872521
1.187979798 0.0150197001 1.644659395
1.192929293 0.01495182714 1.646451756
1.197878788 0.01488403455 1.648249586
1.202828283 0.0148163281 1.650052871
1.207777778 0.01474871322 1.651861592
1.212727273 0.01468119298 1.653675735
1.217676768 0.01461376661 1.655495279
1.222626263 0.0145464302 1.657320203
1.227575758 0.01447917983 1.659150486
1.232525253 0.0144120154 1.660986109
1.237474747 0.0143449425 1.662827057
1.242424242 0.01427797069 1.664673316
1.247373737 0.01421110911 1.666524873
1.252323232 0.01414436254 1.66838171
1.257272727 0.01407773043 1.670243807
1.262222222 0.01401120886 1.672111144
1.267171717 0.01394479373 1.6739837
1.272121212 0.01387848134 1.675861459
1.277070707 0.0138122752 1.6777444
1.282020202 0.01374617851 1.679632508
1.286969697 0.01368019949 1.681525768
1.291919192 0.01361434992 1.6834242
1.296868687 0.01354863676 1.685327687
1.301818182 0.01348306566 1.687236318
1.306767677 0.01341762804 1.689150037
1.311717172 0.01335230846 1.691068817
1.316666667 0.01328709316 1.692992635
1.321616162 0.01322198211 1.694921472
1.326565657 0.01315698715 1.696855319
1.331515152 0.0130921326 1.698794167
1.336464646 0.0130274369 1.700738006
1.341414141 0.01296290486 1.702686819
1.346363636 0.01289852824 1.704640581
1.351313131 0.01283429365 1.706599271
1.356262626 0.01277019035 1.708562868
1.361212121 0.01270621303 1.710531356
1.366161616 0.01264236067 1.712504716
1.371111111 0.01257863608 1.714482933
1.376060606 0.01251504868 1.716465988
1.381010101 0.01245161779 1.718453871
1.385959596 0.01238836933 1.720446574
1.390909091 0.01232532226 1.72244409
1.395858586 0.01226247114 1.724446402
1.400808081 0.01219977999 1.726453479
1.405757576 0.01213719914 1.728465283
1.410707071 0.01207469825 1.730481786
1.415656566 0.01201229146 1.732502978
1.420606061 0.01195003235 1.734528864
1.425555556 0.01188798022 1.736559451
1.430505051 0.01182616367 1.738594727
1.435454545 0.01176456907 1.740634664
1.44040404 0.01170315885 1.742679229
1.445353535 0.01164189988 1.744728397
1.45030303 0.0115807786 1.746782153
1.455252525 0.01151979545 1.748840488
1.46020202 0.01145895045 1.750903386
1.465151515 0.01139823741 1.752970826
1.47010101 0.01133765606 1.755042783
1.475050505 0.01127723383 1.757119244
1.48 0.01121703402 1.759200212
1.484949495 0.01115712881 1.761285699
1.48989899 0.01109754224 1.763375706
1.494848485 0.01103820564 1.765470195
1.49979798 0.01097897632 1.767569102
1.504747475 0.01091972613 1.769672365
1.50969697 0.01086043946 1.771779968
1.514646465 0.01080123747 1.773891941
1.51959596 0.01074229952 1.776008327
1.524545455 0.01068374166 1.778129138
1.529494949 0.01062554978 1.780254338
1.534444444 0.01056761422 1.782383867
1.539393939 0.01050982328 1.784517678
1.544343434 0.01045213344 1.786655756
1.549292929 0.01039457106 1.788798109
1.554242424 0.01033717572 1.790944741
1.559191919 0.01027995204 1.79309564
1.564141414 0.01022284983 1.795250769
1.569090909 0.01016580858 1.797410083
1.574040404 0.01010884002 1.799573555
1.578989899 0.0100520887 1.801741201
1.583939394 0.009995791313 1.803913074
1.588888889 0.009940112878 1.806089219
1.593838384 0.009884962046 1.808269606
1.598787879 0.009829964131 1.810454123
1.603737374 0.009774677197 1.812642634
1.608686869 0.009718916361 1.814835081
1.613636364 0.009662932763 1.817031525
1.618585859 0.009607247496 1.819232093
1.623535354 0.009552291842 1.821436865
1.628484848 0.009498114492 1.823645807
1.633434343 0.009444409986 1.825858802
1.638383838 0.009390792288 1.828075742
1.643333333 0.009337067712 1.830296589
1.648282828 0.009283303822 1.832521374
1.653232323 0.009229704987 1.834750146
1.658181818 0.009176431495 1.83698293
1.663131313 0.009123475731 1.839219709
1.668080808 0.00907063964 1.841460423
1.673030303 0.00901763786 1.84370498
1.677979798 0.008964330427 1.845953306
1.682929293 0.00891097601 1.848205416
1.687878788 0.008858257961 1.850461439
1.692828283 0.008806892215 1.852721536
1.697777778 0.008756986045 1.854985746
1.702727273 0.008707699832 1.85725389
1.707676768 0.008657659755 1.859525665
1.712626263 0.008605923438 1.861800872
1.717575758 0.0085527499 1.864079567
1.722525253 0.008499512093 1.866362037
1.727474747 0.008447738044 1.868648554
1.732424242 0.008398014653 1.87093916
1.737373737 0.008349673415 1.873233644
1.742323232 0.008301462926 1.875531735
1.747272727 0.008252512319 1.877833305
1.752222222 0.008202783989 1.880138402
1.757171717 0.008152841675 1.882447151
1.762121212 0.008103338029 1.884759643
1.767070707 0.008054658151 1.887075904
1.772020202 0.008006788424 1.889395921
1.776969697 0.007959264884 1.891719627
1.781919192 0.007911220757 1.894046878
1.786868687 0.007861813504 1.896377483
1.791818182 0.007811038815 1.898711356
1.796767677 0.007760346214 1.901048671
1.801717172 0.007712168296 1.903389824
1.806666667 0.007668147713 1.905735125
1.811616162 0.007627322174 1.90808445
1.816565657 0.007586184548 1.910437243
1.821515152 0.007540962038 1.912792919
1.826464646 0.007490357158 1.915151306
1.831414141 0.007436709361 1.917512782
1.836363636 0.007384623366 1.919878027
1.841313131 0.007337715875 1.922247489
1.846262626 0.007295979747 1.924621008
1.851212121 0.007256198362 1.926998001
1.856161616 0.00721479383 1.92937799
1.861111111 0.007170276212 1.931760908
1.866060606 0.007123551314 1.934147052
1.871010101 0.007076528964 1.936536558
1.875959596 0.007030659223 1.938929646
1.880909091 0.006986543818 1.941326223
1.885858586 0.006944322984 1.943726277
1.890808081 0.006903691027 1.94612984
1.895757576 0.006863257048 1.948536881
1.900707071 0.006820357435 1.950947043
1.905656566 0.006772555582 1.953359925
1.910606061 0.006720314573 1.955775411
1.915555556 0.006668589624 1.958193979
1.920505051 0.006624790367 1.96061653
1.925454545 0.006592856369 1.963043618
1.93040404 0.006568435838 1.965474777
1.935353535 0.006541049874 1.967908842
1.94030303 0.006501329258 1.970344852
1.945252525 0.006447040214 1.972782641
1.95020202 0.00638498978 1.975222951
1.955151515 0.006327802426 1.977667081
1.96010101 0.006285341605 1.98011592
1.965050505 0.006256773239 1.982569083
1.97 0.006232241979 1.985025364
1.974949495 0.006201804544 1.987483871
1.97989899 0.006161915647 1.98994455
1.984848485 0.006115733491 1.992407975
1.98979798 0.006068977461 1.994874762
1.994747475 0.006025180459 1.99734505
1.99969697 0.005984474655 1.999818548
2.004646465 0.005946123415 2.002295011
2.00959596 0.005910884848 2.004774564
2.014545455 0.005880005763 2.007257545
2.019494949 0.005851488432 2.009744068
2.024444444 0.005818277876 2.012233496
2.029393939 0.005772157775 2.014725047
2.034343434 0.005711047636 2.017218215
2.039292929 0.005644712032 2.019713559
2.044242424 0.005593492881 2.022212677
2.049191919 0.005573816844 2.024717067
2.054141414 0.005579612496 2.027226304
2.059090909 0.005585517746 2.029738436
2.064040404 0.005566959598 2.032251834
2.068989899 0.005512874446 2.034765916
2.073939394 0.00542956799 2.037281112
2.078888889 0.005341453469 2.039799134
2.083838384 0.005281633289 2.042322123
2.088787879 0.005264664973 2.044850772
2.093737374 0.005271739243 2.047383267
2.098686869 0.005272784801 2.04991751
2.103636364 0.005250214675 2.052452834
2.108585859 0.005204379093 2.054989693
2.113535354 0.005148868108 2.057529292
2.118484848 0.005099204682 2.060072652
2.123434343 0.005060466549 2.062619677
2.128383838 0.005026885816 2.065169511
2.133333333 0.004992154666 2.067721552
2.138282828 0.004957345468 2.07027592
2.143232323 0.004930930496 2.072833243
2.148181818 0.004919382371 2.075394492
2.153131313 0.004914247742 2.077959411
2.158080808 0.0048935775 2.080526655
2.163030303 0.004837735874 2.083094958
2.167979798 0.004743272939 2.085663822
2.172929293 0.004633649628 2.088234125
2.177878788 0.004563715815 2.090808331
2.182828283 0.004579501193 2.093389356
2.187777778 0.004653532721 2.095975662
2.192727273 0.004718926346 2.098564081
2.197676768 0.004730329603 2.101152905
2.202626263 0.004670250809 2.10374176
2.207575758 0.0045430272 2.106330815
2.212525253 0.004382863306 2.10892127
2.217474747 0.004267429462 2.111516564
2.222424242 0.004265420443 2.114119174
2.227373737 0.004339288963 2.11672665
2.232323232 0.004407053432 2.11933538
2.237272727 0.004424046264 2.121944301
2.242222222 0.004382651052 2.124553619
2.247171717 0.004302371666 2.127164411
2.252121212 0.004223353221 2.129778692
2.257070707 0.004178303535 2.132397568
2.262020202 0.004160921631 2.135019867
2.266969697 0.004144550897 2.137644131
2.271919192 0.004112576946 2.140269878
2.276868687 0.004065928213 2.14289713
2.281818182 0.004025211818 2.145526533
2.286767677 0.00402321806 2.148159778
2.291717172 0.004063430024 2.150797703
2.296666667 0.004100063762 2.153438662
2.301616162 0.004082678243 2.156080613
2.306565657 0.003983439626 2.158722675
2.311515152 0.003798841872 2.161364687
2.316464646 0.003572684784 2.164007357
2.321414141 0.003461815753 2.166654626
2.326363636 0.003597532676 2.16931103
2.331313131 0.00381865781 2.171971894
2.336262626 0.003976095071 2.174633506
2.341212121 0.004025493041 2.177295075
2.346161616 0.003955427663 2.179956421
2.351111111 0.003761852498 2.182617643
2.356060606 0.003456960353 2.185279137
2.361010101 0.003150499527 2.187943516
2.365959596 0.003141569355 2.190617267
2.370909091 0.003380114678 2.193297384
2.375858586 0.003593928463 2.195978067
2.380808081 0.003702139635 2.198658648
2.385757576 0.003696905856 2.201339113
2.390707071 0.003591751235 2.20401976
2.395656566 0.003433091833 2.206702081
2.400606061 0.003322173398 2.209389206
2.405555556 0.003318341277 2.212081562
2.410505051 0.003355104573 2.214775981
2.415454545 0.003369744056 2.217471437
2.42040404 0.003343864618 2.220168344
2.425353535 0.003275166515 2.222866697
2.43030303 0.003177829786 2.225566021
2.435252525 0.003122121744 2.22826732
2.44020202 0.003202812019 2.230974009
2.445151515 0.003350872736 2.233685555
2.45010101 0.0034383022 2.236398474
2.455050505 0.003407799961 2.239111545
2.46 0.003230523916 2.241824542
2.464949495 0.002866359157 2.244537436
2.46989899 0.002210967905 2.247250442
2.474848485 0.0003139292328 2.250253061
2.47979798 0.002410371869 2.252694821
2.484747475 0.003002505698 2.255426187
2.48969697 0.00332173711 2.258157653
2.494646465 0.003450331122 2.260889209
2.49959596 0.003410352855 2.263620633
2.504545455 0.003191046475 2.266352017
2.509494949 0.002729457971 2.269083407
2.514444444 0.001507900555 2.271815634
2.519393939 0.0002521850432 2.276367277
2.524343434 0.001750771595 2.277301369
2.529292929 0.002622985785 2.280050479
2.534242424 0.002988458056 2.28280021
2.539191919 0.003132565942 2.285549811
2.544141414 0.003103501053 2.288299405
2.549090909 0.002913539939 2.291049071
2.554040404 0.002591805006 2.293799647
2.558989899 0.002370416325 2.296555845
2.563939394 0.00248035544 2.299318089
2.568888889 0.002631305957 2.302080786
2.573838384 0.002703730302 2.304843715
2.578787879 0.00270807438 2.307608185
2.583737374 0.002658984696 2.310375011
2.588686869 0.002533035829 2.313143263
2.593636364 0.002303811254 2.315911704
2.598585859 0.002094730053 2.318680448
2.603535354 0.002351235115 2.32145566
2.608484848 0.002709791792 2.324236147
2.613434343 0.00289865459 2.327017257
2.618383838 0.002905470352 2.329798424
2.623333333 0.00271109547 2.332579499
2.628282828 0.00220625719 2.335360827
2.633232323 0.0001780789347 2.339836313
2.638181818 0.0001951208794 2.344267158
2.643131313 0.0001961518929 2.346800745
2.648080808 0.0002186948038 2.34685847
2.653030303 0.002481991497 2.349310723
2.657979798 0.002875585051 2.352109475
2.662929293 0.003003367435 2.354908113
2.667878788 0.002922458228 2.357706965
2.672828283 0.002598529806 2.36050579
2.677777778 0.001714478081 2.363304918
2.682727273 0.0001778371723 2.369022814
2.687676768 0.0002050671908 2.372828485
2.692626263 0.0001606425752 2.374901351
2.697575758 0.0001922386391 2.374744334
2.702525253 0.002274806845 2.377352778
2.707474747 0.002615741998 2.380168946
2.712424242 0.002690722812 2.38298526
2.717373737 0.002547192547 2.385801496
2.722323232 0.002128560435 2.388617893
2.727272727 0.000206813405 2.392204869
2.732222222 0.0001492059334 2.395089433
2.737171717 0.001725539229 2.39709008
2.742121212 0.002051515285 2.399918012
2.747070707 0.002153508137 2.402746203
2.752020202 0.00215243675 2.405575571
2.756969697 0.002135768368 2.408408126
2.761919192 0.002053011497 2.411242795
2.766868687 0.001773926521 2.414077757
2.771818182 0.0001388730858 2.4173741
2.776767677 0.0001616977846 2.421628419
2.781717172 0.001427118939 2.422589954
2.786666667 0.002223077689 2.425436061
2.791616162 0.002487487238 2.428282438
2.796565657 0.00250147081 2.431128812
2.801515152 0.002263857228 2.433975244
2.806464646 0.001510735602 2.436821715
2.811414141 0.0001324386991 2.442550008
2.816363636 0.0001457604633 2.447050821
2.821313131 0.0001741755258 2.450249809
2.826262626 0.0001460641495 2.451904098
2.831212121 0.0001609655465 2.452333809
2.836161616 0.002163965563 2.453954019
2.841111111 0.002551916912 2.456817363
2.846060606 0.002644406207 2.459680719
2.851010101 0.002499293395 2.462544126
2.855959596 0.002017899144 2.465407665
2.860909091 0.00014705585 2.470203298
2.865858586 0.0001410224919 2.475249829
2.870808081 0.00017141572 2.479243249
2.875757576 0.0001354131671 2.481719696
2.880707071 0.0001216086461 2.483002274
2.885656566 0.0009233495394 2.48263656
2.890606061 0.002053977147 2.485516776
2.895555556 0.002318687672 2.488396938
2.900505051 0.0023059379 2.491277153
2.905454545 0.002011054961 2.494157417
